Item Level	Armor Multiplier	Weapon Multiplier	Trinket Multiplier	Jewelry Multiplier
1	1.5	1.5	1.5	1.5
2	1.5	1.5	1.5	1.5
3	1.5	1.5	1.5	1.5
4	1.5	1.5	1.5	1.5
5	1.5	1.5	1.5	1.5
6	1.5	1.5	1.5	1.5
7	1.5	1.5	1.5	1.5
8	1.5	1.5	1.5	1.5
9	1.5	1.5	1.5	1.5
10	1.5	1.5	1.5	1.5
11	1.5	1.5	1.5	1.5
12	1.5	1.5	1.5	1.5
13	1.5	1.5	1.5	1.5
14	1.5	1.5	1.5	1.5
15	1.5	1.5	1.5	1.5
16	1.5	1.5	1.5	1.5
17	1.5	1.5	1.5	1.5
18	1.5	1.5	1.5	1.5
19	1.5	1.5	1.5	1.5
20	1.5	1.5	1.5	1.5
21	1.5	1.5	1.5	1.5
22	1.5	1.5	1.5	1.5
23	1.5	1.5	1.5	1.5
24	1.5	1.5	1.5	1.5
25	1.5	1.5	1.5	1.5
26	1.5	1.5	1.5	1.5
27	1.5	1.5	1.5	1.5
28	1.5	1.5	1.5	1.5
29	1.5	1.5	1.5	1.5
30	1.5	1.5	1.5	1.5
31	1.5	1.5	1.5	1.5
32	1.5	1.5	1.5	1.5
33	1.5	1.5	1.5	1.5
34	1.5	1.5	1.5	1.5
35	1.5	1.5	1.5	1.5
36	1.5	1.5	1.5	1.5
37	1.5	1.5	1.5	1.5
38	1.5	1.5	1.5	1.5
39	1.5	1.5	1.5	1.5
40	1.5	1.5	1.5	1.5
41	1.5	1.5	1.5	1.5
42	1.5	1.5	1.5	1.5
43	1.5	1.5	1.5	1.5
44	1.5	1.5	1.5	1.5
45	1.5	1.5	1.5	1.5
46	1.5	1.5	1.5	1.5
47	1.5	1.5	1.5	1.5
48	1.5	1.5	1.5	1.5
49	1.5	1.5	1.5	1.5
50	1.5	1.5	1.5	1.5
51	1.5	1.5	1.5	1.5
52	1.5	1.5	1.5	1.5
53	1.5	1.5	1.5	1.5
54	1.5	1.5	1.5	1.5
55	1.5	1.5	1.5	1.5
56	1.5	1.5	1.5	1.5
57	1.5	1.5	1.5	1.5
58	1.5	1.5	1.5	1.5
59	1.5	1.5	1.5	1.5
60	1.5	1.5	1.5	1.5
61	1.5	1.5	1.5	1.5
62	1.5	1.5	1.5	1.5
63	1.5	1.5	1.5	1.5
64	1.5	1.5	1.5	1.5
65	1.5	1.5	1.5	1.5
66	1.5	1.5	1.5	1.5
67	1.5	1.5	1.5	1.5
68	1.5	1.5	1.5	1.5
69	1.5	1.5	1.5	1.5
70	1.5	1.5	1.5	1.5
71	1.5	1.5	1.5	1.5
72	1.5	1.5	1.5	1.5
73	1.5	1.5	1.5	1.5
74	1.5	1.5	1.5	1.5
75	1.5	1.5	1.5	1.5
76	1.5	1.5	1.5	1.5
77	1.5	1.5	1.5	1.5
78	1.5	1.5	1.5	1.5
79	1.5	1.5	1.5	1.5
80	1.5	1.5	1.5	1.5
81	1.5	1.5	1.5	1.5
82	1.5	1.5	1.5	1.5
83	1.5	1.5	1.5	1.5
84	1.5	1.5	1.5	1.5
85	1.5	1.5	1.5	1.5
86	1.5	1.5	1.5	1.5
87	1.5	1.5	1.5	1.5
88	1.5	1.5	1.5	1.5
89	1.5	1.5	1.5	1.5
90	1.5	1.5	1.5	1.5
91	1.5	1.5	1.5	1.5
92	1.5	1.5	1.5	1.5
93	1.5	1.5	1.5	1.5
94	1.5	1.5	1.5	1.5
95	1.5	1.5	1.5	1.5
96	1.5	1.5	1.5	1.5
97	1.5	1.5	1.5	1.5
98	1.5	1.5	1.5	1.5
99	1.5	1.5	1.5	1.5
100	1.5	1.5	1.5	1.5
101	1.5	1.5	1.5	1.5
102	1.5	1.5	1.5	1.5
103	1.5	1.5	1.5	1.5
104	1.5	1.5	1.5	1.5
105	1.5	1.5	1.5	1.5
106	1.5	1.5	1.5	1.5
107	1.5	1.5	1.5	1.5
108	1.5	1.5	1.5	1.5
109	1.5	1.5	1.5	1.5
110	1.5	1.5	1.5	1.5
111	1.5	1.5	1.5	1.5
112	1.5	1.5	1.5	1.5
113	1.5	1.5	1.5	1.5
114	1.5	1.5	1.5	1.5
115	1.5	1.5	1.5	1.5
116	1.5	1.5	1.5	1.5
117	1.5	1.5	1.5	1.5
118	1.5	1.5	1.5	1.5
119	1.5	1.5	1.5	1.5
120	1.5	1.5	1.5	1.5
121	1.5	1.5	1.5	1.5
122	1.5	1.5	1.5	1.5
123	1.5	1.5	1.5	1.5
124	1.5	1.5	1.5	1.5
125	1.5	1.5	1.5	1.5
126	1.5	1.5	1.5	1.5
127	1.5	1.5	1.5	1.5
128	1.5	1.5	1.5	1.5
129	1.5	1.5	1.5	1.5
130	1.5	1.5	1.5	1.5
131	1.5	1.5	1.5	1.5
132	1.5	1.5	1.5	1.5
133	1.5	1.5	1.5	1.5
134	1.5	1.5	1.5	1.5
135	1.5	1.5	1.5	1.5
136	1.5	1.5	1.5	1.5
137	1.5	1.5	1.5	1.5
138	1.5	1.5	1.5	1.5
139	1.5	1.5	1.5	1.5
140	1.5	1.5	1.5	1.5
141	1.5	1.5	1.5	1.5
142	1.5	1.5	1.5	1.5
143	1.5	1.5	1.5	1.5
144	1.5	1.5	1.5	1.5
145	1.5	1.5	1.5	1.5
146	1.5	1.5	1.5	1.5
147	1.5	1.5	1.5	1.5
148	1.5	1.5	1.5	1.5
149	1.5	1.5	1.5	1.5
150	1.5	1.5	1.5	1.5
151	1.5	1.5	1.5	1.5
152	1.5	1.5	1.5	1.5
153	1.5	1.5	1.5	1.5
154	1.5	1.5	1.5	1.5
155	1.5	1.5	1.5	1.5
156	1.5	1.5	1.5	1.5
157	1.5	1.5	1.5	1.5
158	1.5	1.5	1.5	1.5
159	1.5	1.5	1.5	1.5
160	1.5	1.5	1.5	1.5
161	1.5	1.5	1.5	1.5
162	1.5	1.5	1.5	1.5
163	1.5	1.5	1.5	1.5
164	1.5	1.5	1.5	1.5
165	1.5	1.5	1.5	1.5
166	1.5	1.5	1.5	1.5
167	1.5	1.5	1.5	1.5
168	1.5	1.5	1.5	1.5
169	1.5	1.5	1.5	1.5
170	1.5	1.5	1.5	1.5
171	1.5	1.5	1.5	1.5
172	1.5	1.5	1.5	1.5
173	1.5	1.5	1.5	1.5
174	1.5	1.5	1.5	1.5
175	1.5	1.5	1.5	1.5
176	1.5	1.5	1.5	1.5
177	1.5	1.5	1.5	1.5
178	1.5	1.5	1.5	1.5
179	1.5	1.5	1.5	1.5
180	1.5	1.5	1.5	1.5
181	1.5	1.5	1.5	1.5
182	1.5	1.5	1.5	1.5
183	1.5	1.5	1.5	1.5
184	1.5	1.5	1.5	1.5
185	1.5	1.5	1.5	1.5
186	1.5	1.5	1.5	1.5
187	1.5	1.5	1.5	1.5
188	1.5	1.5	1.5	1.5
189	1.5	1.5	1.5	1.5
190	1.5	1.5	1.5	1.5
191	1.5	1.5	1.5	1.5
192	1.5	1.5	1.5	1.5
193	1.5	1.5	1.5	1.5
194	1.5	1.5	1.5	1.5
195	1.5	1.5	1.5	1.5
196	1.5	1.5	1.5	1.5
197	1.5	1.5	1.5	1.5
198	1.5	1.5	1.5	1.5
199	1.5	1.5	1.5	1.5
200	1.5	1.5	1.5	1.5
201	1.5	1.5	1.5	1.5
202	1.5	1.5	1.5	1.5
203	1.5	1.5	1.5	1.5
204	1.5	1.5	1.5	1.5
205	1.5	1.5	1.5	1.5
206	1.5	1.5	1.5	1.5
207	1.5	1.5	1.5	1.5
208	1.5	1.5	1.5	1.5
209	1.5	1.5	1.5	1.5
210	1.5	1.5	1.5	1.5
211	1.5	1.5	1.5	1.5
212	1.5	1.5	1.5	1.5
213	1.5	1.5	1.5	1.5
214	1.5	1.5	1.5	1.5
215	1.5	1.5	1.5	1.5
216	1.5	1.5	1.5	1.5
217	1.5	1.5	1.5	1.5
218	1.5	1.5	1.5	1.5
219	1.5	1.5	1.5	1.5
220	1.5	1.5	1.5	1.5
221	1.5	1.5	1.5	1.5
222	1.5	1.5	1.5	1.5
223	1.5	1.5	1.5	1.5
224	1.5	1.5	1.5	1.5
225	1.5	1.5	1.5	1.5
226	1.5	1.5	1.5	1.5
227	1.5	1.5	1.5	1.5
228	1.5	1.5	1.5	1.5
229	1.5	1.5	1.5	1.5
230	1.5	1.5	1.5	1.5
231	1.5	1.5	1.5	1.5
232	1.5	1.5	1.5	1.5
233	1.5	1.5	1.5	1.5
234	1.5	1.5	1.5	1.5
235	1.5	1.5	1.5	1.5
236	1.5	1.5	1.5	1.5
237	1.5	1.5	1.5	1.5
238	1.5	1.5	1.5	1.5
239	1.5	1.5	1.5	1.5
240	1.5	1.5	1.5	1.5
241	1.5	1.5	1.5	1.5
242	1.5	1.5	1.5	1.5
243	1.5	1.5	1.5	1.5
244	1.5	1.5	1.5	1.5
245	1.5	1.5	1.5	1.5
246	1.5	1.5	1.5	1.5
247	1.5	1.5	1.5	1.5
248	1.5	1.5	1.5	1.5
249	1.5	1.5	1.5	1.5
250	1.5	1.5	1.5	1.5
251	1.5	1.5	1.5	1.5
252	1.5	1.5	1.5	1.5
253	1.5	1.5	1.5	1.5
254	1.5	1.5	1.5	1.5
255	1.5	1.5	1.5	1.5
256	1.5	1.5	1.5	1.5
257	1.5	1.5	1.5	1.5
258	1.5	1.5	1.5	1.5
259	1.5	1.5	1.5	1.5
260	1.5	1.5	1.5	1.5
261	1.5	1.5	1.5	1.5
262	1.5	1.5	1.5	1.5
263	1.5	1.5	1.5	1.5
264	1.5	1.5	1.5	1.5
265	1.5	1.5	1.5	1.5
266	1.5	1.5	1.5	1.5
267	1.5	1.5	1.5	1.5
268	1.5	1.5	1.5	1.5
269	1.5	1.5	1.5	1.5
270	1.5	1.5	1.5	1.5
271	1.5	1.5	1.5	1.5
272	1.5	1.5	1.5	1.5
273	1.5	1.5	1.5	1.5
274	1.5	1.5	1.5	1.5
275	1.5	1.5	1.5	1.5
276	1.5	1.5	1.5	1.5
277	1.5	1.5	1.5	1.5
278	1.5	1.5	1.5	1.5
279	1.5	1.5	1.5	1.5
280	1.5	1.5	1.5	1.5
281	1.5	1.5	1.5	1.5
282	1.5	1.5	1.5	1.5
283	1.5	1.5	1.5	1.5
284	1.5	1.5	1.5	1.5
285	1.5	1.5	1.5	1.5
286	1.5	1.5	1.5	1.5
287	1.5	1.5	1.5	1.5
288	1.498126215	1.498126215	1.498126215	1.498126215
289	1.496254771	1.496254771	1.496254771	1.496254771
290	1.494385664	1.494385664	1.494385664	1.494385664
291	1.492518893	1.492518893	1.492518893	1.492518893
292	1.490654453	1.490654453	1.490654453	1.490654453
293	1.488792343	1.488792343	1.488792343	1.488792343
294	1.486932558	1.486932558	1.486932558	1.486932558
295	1.485075097	1.485075097	1.485075097	1.485075097
296	1.483219956	1.483219956	1.483219956	1.483219956
297	1.481367132	1.481367132	1.481367132	1.481367132
298	1.479516623	1.479516623	1.479516623	1.479516623
299	1.477668426	1.477668426	1.477668426	1.477668426
300	1.475822538	1.475822538	1.475822538	1.475822538
301	1.473978955	1.473978955	1.473978955	1.473978955
302	1.472137675	1.472137675	1.472137675	1.472137675
303	1.470298696	1.470298696	1.470298696	1.470298696
304	1.468462013	1.468462013	1.468462013	1.468462013
305	1.466627625	1.466627625	1.466627625	1.466627625
306	1.464795529	1.464795529	1.464795529	1.464795529
307	1.462965721	1.462965721	1.462965721	1.462965721
308	1.461138199	1.461138199	1.461138199	1.461138199
309	1.459312959	1.459312959	1.459312959	1.459312959
310	1.45749	1.45749	1.45749	1.45749
311	1.455669318	1.455669318	1.455669318	1.455669318
312	1.453850911	1.453850911	1.453850911	1.453850911
313	1.452034775	1.452034775	1.452034775	1.452034775
314	1.450220908	1.450220908	1.450220908	1.450220908
315	1.448409306	1.448409306	1.448409306	1.448409306
316	1.446599968	1.446599968	1.446599968	1.446599968
317	1.44479289	1.44479289	1.44479289	1.44479289
318	1.442988069	1.442988069	1.442988069	1.442988069
319	1.441185503	1.441185503	1.441185503	1.441185503
320	1.439385188	1.439385188	1.439385188	1.439385188
321	1.437587123	1.437587123	1.437587123	1.437587123
322	1.435791303	1.435791303	1.435791303	1.435791303
323	1.433997727	1.433997727	1.433997727	1.433997727
324	1.432206392	1.432206392	1.432206392	1.432206392
325	1.430417294	1.430417294	1.430417294	1.430417294
326	1.428630431	1.428630431	1.428630431	1.428630431
327	1.4268458	1.4268458	1.4268458	1.4268458
328	1.425063399	1.425063399	1.425063399	1.425063399
329	1.423283224	1.423283224	1.423283224	1.423283224
330	1.421505273	1.421505273	1.421505273	1.421505273
331	1.419729542	1.419729542	1.419729542	1.419729542
332	1.417956031	1.417956031	1.417956031	1.417956031
333	1.416184734	1.416184734	1.416184734	1.416184734
334	1.41441565	1.41441565	1.41441565	1.41441565
335	1.412648776	1.412648776	1.412648776	1.412648776
336	1.41088411	1.41088411	1.41088411	1.41088411
337	1.409121647	1.409121647	1.409121647	1.409121647
338	1.407361387	1.407361387	1.407361387	1.407361387
339	1.405603325	1.405603325	1.405603325	1.405603325
340	1.40384746	1.40384746	1.40384746	1.40384746
341	1.402093787	1.402093787	1.402093787	1.402093787
342	1.400342306	1.400342306	1.400342306	1.400342306
343	1.400554078	1.400554078	1.400554078	1.413752891
344	1.400641478	1.400641478	1.400641478	1.426794286
345	1.400606794	1.400606794	1.400606794	1.439472188
346	1.400452284	1.400452284	1.400452284	1.451792215
347	1.400180172	1.400180172	1.400180172	1.463759916
348	1.399792654	1.399792654	1.399792654	1.475380766
349	1.399291894	1.399291894	1.399291894	1.486660169
350	1.398680025	1.398680025	1.398680025	1.497603459
351	1.397959151	1.397959151	1.397959151	1.508215901
352	1.397131346	1.397131346	1.397131346	1.518502689
353	1.396198657	1.396198657	1.396198657	1.528468951
354	1.3951631	1.3951631	1.3951631	1.538119748
355	1.394026663	1.394026663	1.394026663	1.547460073
356	1.392791306	1.392791306	1.392791306	1.556494856
357	1.391458961	1.391458961	1.391458961	1.565228961
358	1.390031535	1.390031535	1.390031535	1.573667187
359	1.388510905	1.388510905	1.388510905	1.581814271
360	1.386898923	1.386898923	1.386898923	1.589674889
361	1.385197414	1.385197414	1.385197414	1.597253651
362	1.383408177	1.383408177	1.383408177	1.604555111
363	1.381532986	1.381532986	1.381532986	1.61158376
364	1.379573588	1.379573588	1.379573588	1.61834403
365	1.377531708	1.377531708	1.377531708	1.624840295
366	1.375409044	1.375409044	1.375409044	1.63107687
367	1.373207269	1.373207269	1.373207269	1.637058013
368	1.370928034	1.370928034	1.370928034	1.642787926
369	1.368572965	1.368572965	1.368572965	1.648270754
370	1.366143664	1.366143664	1.366143664	1.653510587
371	1.363641711	1.363641711	1.363641711	1.658511461
372	1.361068662	1.361068662	1.361068662	1.663277357
373	1.358426051	1.358426051	1.358426051	1.667812204
374	1.35571539	1.35571539	1.35571539	1.672119878
375	1.352938169	1.352938169	1.352938169	1.676204201
376	1.350095855	1.350095855	1.350095855	1.680068947
377	1.347189894	1.347189894	1.347189894	1.683717837
378	1.344221711	1.344221711	1.344221711	1.687154542
379	1.34119271	1.34119271	1.34119271	1.690382685
380	1.338104276	1.338104276	1.338104276	1.693405837
381	1.33495777	1.33495777	1.33495777	1.696227524
382	1.331754535	1.331754535	1.331754535	1.698851223
383	1.328495895	1.328495895	1.328495895	1.701280362
384	1.325183152	1.325183152	1.325183152	1.703518326
385	1.321817591	1.321817591	1.321817591	1.705568451
386	1.318400475	1.318400475	1.318400475	1.707434029
387	1.314933052	1.314933052	1.314933052	1.709118306
388	1.311416546	1.311416546	1.311416546	1.710624485
389	1.307852168	1.307852168	1.307852168	1.711955725
390	1.304241108	1.304241108	1.304241108	1.713115141
391	1.300584538	1.300584538	1.300584538	1.714105805
392	1.296883613	1.296883613	1.296883613	1.714930748
393	1.29313947	1.29313947	1.29313947	1.715592958
394	1.289353229	1.289353229	1.289353229	1.716095384
395	1.285525993	1.285525993	1.285525993	1.71644093
396	1.281658848	1.281658848	1.281658848	1.716632465
397	1.277752864	1.277752864	1.277752864	1.716672816
398	1.273809092	1.273809092	1.273809092	1.716564769
399	1.269828571	1.269828571	1.269828571	1.716311074
400	1.265812322	1.265812322	1.265812322	1.715914442
401	1.261761348	1.261761348	1.261761348	1.715377547
402	1.25767664	1.25767664	1.25767664	1.714703022
403	1.253559172	1.253559172	1.253559172	1.713893469
404	1.249409903	1.249409903	1.249409903	1.712951449
405	1.245229777	1.245229777	1.245229777	1.711879488
406	1.241019723	1.241019723	1.241019723	1.710680079
407	1.236780655	1.236780655	1.236780655	1.709355678
408	1.232513475	1.232513475	1.232513475	1.707908705
409	1.228219067	1.228219067	1.228219067	1.706341548
410	1.223898305	1.223898305	1.223898305	1.704656561
411	1.219552046	1.219552046	1.219552046	1.702856065
412	1.215181135	1.215181135	1.215181135	1.700942347
413	1.210786402	1.210786402	1.210786402	1.698917661
414	1.206368667	1.206368667	1.206368667	1.696784231
415	1.201928733	1.201928733	1.201928733	1.694544247
416	1.197467392	1.197467392	1.197467392	1.69219987
417	1.192985422	1.192985422	1.192985422	1.689753229
418	1.188483592	1.188483592	1.188483592	1.687206422
419	1.183962653	1.183962653	1.183962653	1.684561517
420	1.179423349	1.179423349	1.179423349	1.681820554
421	1.174866408	1.174866408	1.174866408	1.67898554
422	1.170292548	1.170292548	1.170292548	1.676058458
423	1.165702474	1.165702474	1.165702474	1.673041257
424	1.161096882	1.161096882	1.161096882	1.669935862
425	1.156476453	1.156476453	1.156476453	1.666744167
426	1.151841858	1.151841858	1.151841858	1.663468041
427	1.147193759	1.147193759	1.147193759	1.660109324
428	1.142532804	1.142532804	1.142532804	1.656669831
429	1.137859631	1.137859631	1.137859631	1.653151347
430	1.133174868	1.133174868	1.133174868	1.649555634
431	1.128479132	1.128479132	1.128479132	1.645884427
432	1.123773029	1.123773029	1.123773029	1.642139436
433	1.119057156	1.119057156	1.119057156	1.638322345
434	1.114332098	1.114332098	1.114332098	1.634434814
435	1.109598431	1.109598431	1.109598431	1.630478476
436	1.104856722	1.104856722	1.104856722	1.626454944
437	1.100107527	1.100107527	1.100107527	1.622365803
438	1.095351392	1.095351392	1.095351392	1.618212617
439	1.090588855	1.090588855	1.090588855	1.613996925
440	1.085820443	1.085820443	1.085820443	1.609720244
441	1.081046675	1.081046675	1.081046675	1.605384068
442	1.076268061	1.076268061	1.076268061	1.600989867
443	1.071485102	1.071485102	1.071485102	1.596539092
444	1.066698287	1.066698287	1.066698287	1.59203317
445	1.061908102	1.061908102	1.061908102	1.587473505
446	1.057115019	1.057115019	1.057115019	1.582861484
447	1.052319505	1.052319505	1.052319505	1.578198468
448	1.047522017	1.047522017	1.047522017	1.573485801
449	1.042723003	1.042723003	1.042723003	1.568724805
450	1.037922906	1.037922906	1.037922906	1.56391678
451	1.033122157	1.033122157	1.033122157	1.55906301
452	1.028321182	1.028321182	1.028321182	1.554164756
453	1.023520399	1.023520399	1.023520399	1.549223261
454	1.018720215	1.018720215	1.018720215	1.544239748
455	1.013921033	1.013921033	1.013921033	1.539215421
456	1.009123248	1.009123248	1.009123248	1.534151467
457	1.004327246	1.004327246	1.004327246	1.529049051
458	0.999533406	0.999533406	0.999533406	1.523909325
459	0.994742102	0.994742102	0.994742102	1.518733417
460	0.989953698	0.989953698	0.989953698	1.513522441
461	0.985168553	0.985168553	0.985168553	1.508277494
462	0.980387018	0.980387018	0.980387018	1.502999653
463	0.975609438	0.975609438	0.975609438	1.497689979
464	0.970836151	0.970836151	0.970836151	1.492349518
465	0.966067488	0.966067488	0.966067488	1.486979296
466	0.961303773	0.961303773	0.961303773	1.481580325
467	0.956545326	0.956545326	0.956545326	1.4761536
468	0.951792457	0.951792457	0.951792457	1.470700101
469	0.947045474	0.947045474	0.947045474	1.46522079
470	0.942304675	0.942304675	0.942304675	1.459716616
471	0.937570355	0.937570355	0.937570355	1.454188511
472	0.9328428	0.9328428	0.9328428	1.448637392
473	0.928122293	0.928122293	0.928122293	1.443064162
474	0.923409109	0.923409109	0.923409109	1.437469708
475	0.918703519	0.918703519	0.918703519	1.431854903
476	0.914005787	0.914005787	0.914005787	1.426220606
477	0.909316172	0.909316172	0.909316172	1.420567662
478	0.904634927	0.904634927	0.904634927	1.414896901
479	0.899962302	0.899962302	0.899962302	1.409209139
480	0.895298537	0.895298537	0.895298537	1.403505179
481	0.890643872	0.890643872	0.890643872	1.397785812
482	0.885998538	0.885998538	0.885998538	1.392051814
483	0.881362762	0.881362762	0.881362762	1.386303947
484	0.876736768	0.876736768	0.876736768	1.380542963
485	0.872120771	0.872120771	0.872120771	1.3747696
486	0.867514986	0.867514986	0.867514986	1.368984581
487	0.862919618	0.862919618	0.862919618	1.36318862
488	0.858334872	0.858334872	0.858334872	1.357382418
489	0.853760945	0.853760945	0.853760945	1.351566663
490	0.849198031	0.849198031	0.849198031	1.345742031
491	0.844646319	0.844646319	0.844646319	1.339909188
492	0.840105994	0.840105994	0.840105994	1.334068786
493	0.835577236	0.835577236	0.835577236	1.328221468
494	0.831060221	0.831060221	0.831060221	1.322367865
495	0.826555121	0.826555121	0.826555121	1.316508595
496	0.822062104	0.822062104	0.822062104	1.310644267
497	0.817581332	0.817581332	0.817581332	1.30477548
498	0.813112965	0.813112965	0.813112965	1.298902819
499	0.808657158	0.808657158	0.808657158	1.293026863
500	0.804214063	0.804214063	0.804214063	1.287148176
501	0.799783828	0.799783828	0.799783828	1.281267316
502	0.795366595	0.795366595	0.795366595	1.275384828
503	0.790962504	0.790962504	0.790962504	1.269501247
504	0.786571693	0.786571693	0.786571693	1.263617101
505	0.782194292	0.782194292	0.782194292	1.257732906
506	0.777830432	0.777830432	0.777830432	1.251849169
507	0.773480237	0.773480237	0.773480237	1.245966387
508	0.76914383	0.76914383	0.76914383	1.240085049
509	0.764821329	0.764821329	0.764821329	1.234205634
510	0.760512848	0.760512848	0.760512848	1.228328612
511	0.7562185	0.7562185	0.7562185	1.222454444
512	0.751938394	0.751938394	0.751938394	1.216583584
513	0.747672633	0.747672633	0.747672633	1.210716474
514	0.743421321	0.743421321	0.743421321	1.204853551
515	0.739184555	0.739184555	0.739184555	1.198995241
516	0.734962433	0.734962433	0.734962433	1.193141963
517	0.730755047	0.730755047	0.730755047	1.187294127
518	0.726562486	0.726562486	0.726562486	1.181452137
519	0.722384838	0.722384838	0.722384838	1.175616386
520	0.718222186	0.718222186	0.718222186	1.169787261
521	0.714074612	0.714074612	0.714074612	1.163965142
522	0.709942195	0.709942195	0.709942195	1.1581504
523	0.705825008	0.705825008	0.705825008	1.152343398
524	0.701723127	0.701723127	0.701723127	1.146544493
525	0.69763662	0.69763662	0.69763662	1.140754035
526	0.693565556	0.693565556	0.693565556	1.134972366
527	0.689509999	0.689509999	0.689509999	1.12919982
528	0.685470012	0.685470012	0.685470012	1.123436727
529	0.681445655	0.681445655	0.681445655	1.117683406
530	0.677436986	0.677436986	0.677436986	1.111940172
531	0.67344406	0.67344406	0.67344406	1.106207333
532	0.669466929	0.669466929	0.669466929	1.100485191
533	0.665505644	0.665505644	0.665505644	1.094774039
534	0.661560253	0.661560253	0.661560253	1.089074167
535	0.657630803	0.657630803	0.657630803	1.083385856
536	0.6534484	0.6534484	0.6534484	1.076495735
537	0.649292596	0.649292596	0.649292596	1.069649433
538	0.645163223	0.645163223	0.645163223	1.062846672
539	0.641060111	0.641060111	0.641060111	1.056087176
540	0.636983095	0.636983095	0.636983095	1.049370669
541	0.632932007	0.632932007	0.632932007	1.042696877
542	0.628906684	0.628906684	0.628906684	1.03606553
543	0.624906961	0.624906961	0.624906961	1.029476357
544	0.620932675	0.620932675	0.620932675	1.022929089
545	0.616983665	0.616983665	0.616983665	1.016423461
546	0.61305977	0.61305977	0.61305977	1.009959207
547	0.60916083	0.60916083	0.60916083	1.003536065
548	0.605286687	0.605286687	0.605286687	0.997153772
549	0.601437182	0.601437182	0.601437182	0.99081207
550	0.59761216	0.59761216	0.59761216	0.984510699
551	0.593811464	0.593811464	0.593811464	0.978249405
552	0.590034939	0.590034939	0.590034939	0.97202793
553	0.586282433	0.586282433	0.586282433	0.965846023
554	0.582553792	0.582553792	0.582553792	0.959703432
555	0.578848864	0.578848864	0.578848864	0.953599907
556	0.575167499	0.575167499	0.575167499	0.947535198
557	0.571509546	0.571509546	0.571509546	0.941509061
558	0.567874858	0.567874858	0.567874858	0.935521248
559	0.564263285	0.564263285	0.564263285	0.929571516
560	0.560674681	0.560674681	0.560674681	0.923659624
561	0.5571089	0.5571089	0.5571089	0.91778533
562	0.553565797	0.553565797	0.553565797	0.911948395
563	0.550045227	0.550045227	0.550045227	0.906148582
564	0.546547048	0.546547048	0.546547048	0.900385655
565	0.543071116	0.543071116	0.543071116	0.894659379
566	0.53961729	0.53961729	0.53961729	0.888969521
567	0.53618543	0.53618543	0.53618543	0.883315849
568	0.532775396	0.532775396	0.532775396	0.877698134
569	0.529387049	0.529387049	0.529387049	0.872116146
570	0.526020251	0.526020251	0.526020251	0.866569658
571	0.522674865	0.522674865	0.522674865	0.861058445
572	0.521211973	0.521211973	0.521211973	0.864224105
573	0.519731259	0.519731259	0.519731259	0.867256986
574	0.51823318	0.51823318	0.51823318	0.87015928
575	0.516718186	0.516718186	0.516718186	0.872933148
576	0.515186719	0.515186719	0.515186719	0.875580722
577	0.513639215	0.513639215	0.513639215	0.878104106
578	0.512076103	0.512076103	0.512076103	0.880505377
579	0.510497806	0.510497806	0.510497806	0.882786581
580	0.50890474	0.50890474	0.50890474	0.88494974
581	0.507297314	0.507297314	0.507297314	0.886996847
582	0.505675932	0.505675932	0.505675932	0.888929869
583	0.504040992	0.504040992	0.504040992	0.890750744
584	0.502392883	0.502392883	0.502392883	0.892461389
585	0.500731991	0.500731991	0.500731991	0.894063689
586	0.499058695	0.499058695	0.499058695	0.895559508
587	0.497373368	0.497373368	0.497373368	0.896950684
588	0.495676376	0.495676376	0.495676376	0.898239027
589	0.493968082	0.493968082	0.493968082	0.899426327
590	0.49224884	0.49224884	0.49224884	0.900514346
591	0.490519	0.490519	0.490519	0.901504824
592	0.488778908	0.488778908	0.488778908	0.902399477
593	0.487028902	0.487028902	0.487028902	0.903199996
594	0.485269316	0.485269316	0.485269316	0.903908051
595	0.483500477	0.483500477	0.483500477	0.904525287
596	0.481722709	0.481722709	0.481722709	0.90505333
597	0.47993633	0.47993633	0.47993633	0.905493779
598	0.478141652	0.478141652	0.478141652	0.905848215
599	0.476338983	0.476338983	0.476338983	0.906118194
600	0.474528625	0.474528625	0.474528625	0.906305253
601	0.472710876	0.472710876	0.472710876	0.906410907
602	0.470886029	0.470886029	0.470886029	0.906436649
603	0.469054371	0.469054371	0.469054371	0.906383952
604	0.467216187	0.467216187	0.467216187	0.90625427
605	0.465371754	0.465371754	0.465371754	0.906049035
606	0.463521348	0.463521348	0.463521348	0.905769659
607	0.461665236	0.461665236	0.461665236	0.905417535
608	0.459803684	0.459803684	0.459803684	0.904994037
609	0.457936953	0.457936953	0.457936953	0.904500518
610	0.456065299	0.456065299	0.456065299	0.903938315
611	0.454188974	0.454188974	0.454188974	0.903308742
612	0.452308225	0.452308225	0.452308225	0.902613099
613	0.450423295	0.450423295	0.450423295	0.901852665
614	0.448534425	0.448534425	0.448534425	0.901028701
615	0.446641849	0.446641849	0.446641849	0.900142452
616	0.444745799	0.444745799	0.444745799	0.899195143
617	0.442846501	0.442846501	0.442846501	0.898187984
618	0.44094418	0.44094418	0.44094418	0.897122165
619	0.439039054	0.439039054	0.439039054	0.895998862
620	0.437131339	0.437131339	0.437131339	0.894819232
621	0.435221247	0.435221247	0.435221247	0.893584417
622	0.433308986	0.433308986	0.433308986	0.892295542
623	0.431394761	0.431394761	0.431394761	0.890953716
624	0.429478772	0.429478772	0.429478772	0.889560031
625	0.427561218	0.427561218	0.427561218	0.888115566
626	0.425642291	0.425642291	0.425642291	0.886621382
627	0.423722183	0.423722183	0.423722183	0.885078525
628	0.421801079	0.421801079	0.421801079	0.883488026
629	0.419879165	0.419879165	0.419879165	0.881850903
630	0.417956619	0.417956619	0.417956619	0.880168156
631	0.41603362	0.41603362	0.41603362	0.878440773
632	0.41411034	0.41411034	0.41411034	0.876669727
633	0.412186951	0.412186951	0.412186951	0.874855975
634	0.410263619	0.410263619	0.410263619	0.873000462
635	0.40834051	0.40834051	0.40834051	0.87110412
636	0.406417785	0.406417785	0.406417785	0.869167864
637	0.404495601	0.404495601	0.404495601	0.867192598
638	0.402574114	0.402574114	0.402574114	0.865179213
639	0.400653477	0.400653477	0.400653477	0.863128585
640	0.398733839	0.398733839	0.398733839	0.861041578
641	0.396815347	0.396815347	0.396815347	0.858919044
642	0.394898144	0.394898144	0.394898144	0.85676182
643	0.392982372	0.392982372	0.392982372	0.854570734
644	0.391068169	0.391068169	0.391068169	0.852346598
645	0.389155671	0.389155671	0.389155671	0.850090213
646	0.38724501	0.38724501	0.38724501	0.847802371
647	0.385336318	0.385336318	0.385336318	0.845483847
648	0.383429722	0.383429722	0.383429722	0.843135408
649	0.381525346	0.381525346	0.381525346	0.840757808
650	0.379623315	0.379623315	0.379623315	0.838351791
651	0.377723749	0.377723749	0.377723749	0.835918087
652	0.375826764	0.375826764	0.375826764	0.833457417
653	0.373932478	0.373932478	0.373932478	0.830970491
654	0.372041002	0.372041002	0.372041002	0.828458007
655	0.370152448	0.370152448	0.370152448	0.825920653
656	0.368266923	0.368266923	0.368266923	0.823359107
657	0.366384536	0.366384536	0.366384536	0.820774036
658	0.364505389	0.364505389	0.364505389	0.818166095
659	0.362629583	0.362629583	0.362629583	0.815535933
660	0.36075722	0.36075722	0.36075722	0.812884185
661	0.358888396	0.358888396	0.358888396	0.810211478
662	0.357023207	0.357023207	0.357023207	0.807518428
663	0.355161746	0.355161746	0.355161746	0.804805644
664	0.353304104	0.353304104	0.353304104	0.802073722
665	0.351450371	0.351450371	0.351450371	0.799323251
666	0.349600633	0.349600633	0.349600633	0.79655481
667	0.347754977	0.347754977	0.347754977	0.793768969
668	0.345913485	0.345913485	0.345913485	0.790966288
669	0.34407624	0.34407624	0.34407624	0.78814732
670	0.34224332	0.34224332	0.34224332	0.785312608
671	0.340414803	0.340414803	0.340414803	0.782462686
672	0.338590766	0.338590766	0.338590766	0.779598081
673	0.336771283	0.336771283	0.336771283	0.776719309
674	0.334956426	0.334956426	0.334956426	0.77382688
675	0.333146265	0.333146265	0.333146265	0.770921295
676	0.33134087	0.33134087	0.33134087	0.768003046
677	0.329540309	0.329540309	0.329540309	0.765072619
678	0.327744646	0.327744646	0.327744646	0.76213049
679	0.325953945	0.325953945	0.325953945	0.759177128
680	0.32416827	0.32416827	0.32416827	0.756212995
681	0.322387681	0.322387681	0.322387681	0.753238545
682	0.320612236	0.320612236	0.320612236	0.750254224
683	0.318841995	0.318841995	0.318841995	0.74726047
684	0.317077013	0.317077013	0.317077013	0.744257716
685	0.315317344	0.315317344	0.315317344	0.741246386
686	0.313563043	0.313563043	0.313563043	0.738226897
687	0.31181416	0.31181416	0.31181416	0.73519966
688	0.310070746	0.310070746	0.310070746	0.732165077
689	0.308332851	0.308332851	0.308332851	0.729123547
690	0.306600522	0.306600522	0.306600522	0.726075458
691	0.304873804	0.304873804	0.304873804	0.723021193
692	0.303152743	0.303152743	0.303152743	0.71996113
693	0.301437383	0.301437383	0.301437383	0.716895639
694	0.299727766	0.299727766	0.299727766	0.713825083
695	0.298023932	0.298023932	0.298023932	0.710749821
696	0.296325922	0.296325922	0.296325922	0.707670203
697	0.294633775	0.294633775	0.294633775	0.704586575
698	0.292947526	0.292947526	0.292947526	0.701499277
699	0.291267213	0.291267213	0.291267213	0.69840864
700	0.289592871	0.289592871	0.289592871	0.695314994
701	0.287924533	0.287924533	0.287924533	0.692218659
702	0.286262232	0.286262232	0.286262232	0.689119952
703	0.284605999	0.284605999	0.284605999	0.686019183
704	0.282955865	0.282955865	0.282955865	0.682916656
705	0.28131186	0.28131186	0.28131186	0.679812671
706	0.27967401	0.27967401	0.27967401	0.676707522
707	0.278042345	0.278042345	0.278042345	0.673601498
708	0.276416889	0.276416889	0.276416889	0.670494881
709	0.274797668	0.274797668	0.274797668	0.66738795
710	0.273184706	0.273184706	0.273184706	0.664280978
711	0.271578027	0.271578027	0.271578027	0.661174232
712	0.269977652	0.269977652	0.269977652	0.658067977
713	0.268383603	0.268383603	0.268383603	0.654962469
714	0.2667959	0.2667959	0.2667959	0.651857963
715	0.265214563	0.265214563	0.265214563	0.648754707
716	0.263639609	0.263639609	0.263639609	0.645652945
717	0.262071057	0.262071057	0.262071057	0.642552915
718	0.260508924	0.260508924	0.260508924	0.639454853
719	0.258953224	0.258953224	0.258953224	0.636358988
720	0.257403974	0.257403974	0.257403974	0.633265547
721	0.255861187	0.255861187	0.255861187	0.630174751
722	0.254324877	0.254324877	0.254324877	0.627086816
723	0.252795056	0.252795056	0.252795056	0.624001956
724	0.251271736	0.251271736	0.251271736	0.620920379
725	0.249754928	0.249754928	0.249754928	0.617842289
726	0.248244643	0.248244643	0.248244643	0.614767887
727	0.246740889	0.246740889	0.246740889	0.61169737
728	0.245243676	0.245243676	0.245243676	0.608630929
729	0.243753011	0.243753011	0.243753011	0.605568753
730	0.242268902	0.242268902	0.242268902	0.602511026
731	0.240791356	0.240791356	0.240791356	0.599457931
732	0.239320378	0.239320378	0.239320378	0.596409643
733	0.237855974	0.237855974	0.237855974	0.593366336
734	0.236398148	0.236398148	0.236398148	0.590328179
735	0.234946904	0.234946904	0.234946904	0.58729534
736	0.233502246	0.233502246	0.233502246	0.584267981
737	0.232064175	0.232064175	0.232064175	0.581246261
738	0.230632695	0.230632695	0.230632695	0.578230335
739	0.229207807	0.229207807	0.229207807	0.575220357
740	0.227789511	0.227789511	0.227789511	0.572216475
741	0.226377808	0.226377808	0.226377808	0.569218835
742	0.224972697	0.224972697	0.224972697	0.566227579
743	0.223574178	0.223574178	0.223574178	0.563242848
744	0.22218225	0.22218225	0.22218225	0.560264777
745	0.220796909	0.220796909	0.220796909	0.5572935
746	0.219418155	0.219418155	0.219418155	0.554329146
747	0.218045983	0.218045983	0.218045983	0.551371844
748	0.21668039	0.21668039	0.21668039	0.548421716
749	0.215321373	0.215321373	0.215321373	0.545478884
750	0.213968926	0.213968926	0.213968926	0.542543467
751	0.212623046	0.212623046	0.212623046	0.539615581
752	0.211283725	0.211283725	0.211283725	0.536695337
753	0.209950959	0.209950959	0.209950959	0.533782847
754	0.208624741	0.208624741	0.208624741	0.530878217
755	0.207305064	0.207305064	0.207305064	0.527981552
756	0.205991921	0.205991921	0.205991921	0.525092954
757	0.204685304	0.204685304	0.204685304	0.522212524
758	0.203385206	0.203385206	0.203385206	0.519340357
759	0.202091617	0.202091617	0.202091617	0.516476548
760	0.200804529	0.200804529	0.200804529	0.51362119
761	0.199523932	0.199523932	0.199523932	0.510774371
762	0.198249817	0.198249817	0.198249817	0.50793618
763	0.196982173	0.196982173	0.196982173	0.5051067
764	0.19572099	0.19572099	0.19572099	0.502286014
765	0.194466258	0.194466258	0.194466258	0.499474204
766	0.193217965	0.193217965	0.193217965	0.496671345
767	0.1919761	0.1919761	0.1919761	0.493877516
768	0.190740651	0.190740651	0.190740651	0.491092788
769	0.189511605	0.189511605	0.189511605	0.488317234
770	0.18828895	0.18828895	0.18828895	0.485550922
771	0.187072673	0.187072673	0.187072673	0.482793921
772	0.185862762	0.185862762	0.185862762	0.480046295
773	0.184659202	0.184659202	0.184659202	0.477308108
774	0.18346198	0.18346198	0.18346198	0.47457942
775	0.182271082	0.182271082	0.182271082	0.471860292
776	0.181086494	0.181086494	0.181086494	0.469150781
777	0.179908201	0.179908201	0.179908201	0.466450941
778	0.178736187	0.178736187	0.178736187	0.463760827
779	0.178736187	0.178736187	0.178736187	0.463760827
780	0.178736187	0.178736187	0.178736187	0.463760827
781	0.178736187	0.178736187	0.178736187	0.463760827
782	0.178736187	0.178736187	0.178736187	0.463760827
783	0.178736187	0.178736187	0.178736187	0.463760827
784	0.178736187	0.178736187	0.178736187	0.463760827
785	0.178736187	0.178736187	0.178736187	0.463760827
786	0.178736187	0.178736187	0.178736187	0.463760827
787	0.178736187	0.178736187	0.178736187	0.463760827
788	0.178736187	0.178736187	0.178736187	0.463760827
789	0.178736187	0.178736187	0.178736187	0.463760827
790	0.178736187	0.178736187	0.178736187	0.463760827
791	0.178736187	0.178736187	0.178736187	0.463760827
792	0.178736187	0.178736187	0.178736187	0.463760827
793	0.178736187	0.178736187	0.178736187	0.463760827
794	0.178736187	0.178736187	0.178736187	0.463760827
795	0.178736187	0.178736187	0.178736187	0.463760827
796	0.178736187	0.178736187	0.178736187	0.463760827
797	0.178736187	0.178736187	0.178736187	0.463760827
798	0.178736187	0.178736187	0.178736187	0.463760827
799	0.178736187	0.178736187	0.178736187	0.463760827
800	0.178736187	0.178736187	0.178736187	0.463760827
801	0.178736187	0.178736187	0.178736187	0.463760827
802	0.178736187	0.178736187	0.178736187	0.463760827
803	0.178736187	0.178736187	0.178736187	0.463760827
804	0.178736187	0.178736187	0.178736187	0.463760827
805	0.178736187	0.178736187	0.178736187	0.463760827
806	0.178736187	0.178736187	0.178736187	0.463760827
807	0.178736187	0.178736187	0.178736187	0.463760827
808	0.178736187	0.178736187	0.178736187	0.463760827
809	0.178736187	0.178736187	0.178736187	0.463760827
810	0.178736187	0.178736187	0.178736187	0.463760827
811	0.178736187	0.178736187	0.178736187	0.463760827
812	0.178736187	0.178736187	0.178736187	0.463760827
813	0.178736187	0.178736187	0.178736187	0.463760827
814	0.178736187	0.178736187	0.178736187	0.463760827
815	0.178736187	0.178736187	0.178736187	0.463760827
816	0.178736187	0.178736187	0.178736187	0.463760827
817	0.178736187	0.178736187	0.178736187	0.463760827
818	0.178736187	0.178736187	0.178736187	0.463760827
819	0.178736187	0.178736187	0.178736187	0.463760827
820	0.178736187	0.178736187	0.178736187	0.463760827
821	0.178736187	0.178736187	0.178736187	0.463760827
822	0.178736187	0.178736187	0.178736187	0.463760827
823	0.178736187	0.178736187	0.178736187	0.463760827
824	0.178736187	0.178736187	0.178736187	0.463760827
825	0.178736187	0.178736187	0.178736187	0.463760827
826	0.178736187	0.178736187	0.178736187	0.463760827
827	0.178736187	0.178736187	0.178736187	0.463760827
828	0.178736187	0.178736187	0.178736187	0.463760827
829	0.178736187	0.178736187	0.178736187	0.463760827
830	0.178736187	0.178736187	0.178736187	0.463760827
831	0.178736187	0.178736187	0.178736187	0.463760827
832	0.178736187	0.178736187	0.178736187	0.463760827
833	0.178736187	0.178736187	0.178736187	0.463760827
834	0.178736187	0.178736187	0.178736187	0.463760827
835	0.178736187	0.178736187	0.178736187	0.463760827
836	0.178736187	0.178736187	0.178736187	0.463760827
837	0.178736187	0.178736187	0.178736187	0.463760827
838	0.178736187	0.178736187	0.178736187	0.463760827
839	0.178736187	0.178736187	0.178736187	0.463760827
840	0.178736187	0.178736187	0.178736187	0.463760827
841	0.178736187	0.178736187	0.178736187	0.463760827
842	0.178736187	0.178736187	0.178736187	0.463760827
843	0.178736187	0.178736187	0.178736187	0.463760827
844	0.178736187	0.178736187	0.178736187	0.463760827
845	0.178736187	0.178736187	0.178736187	0.463760827
846	0.178736187	0.178736187	0.178736187	0.463760827
847	0.178736187	0.178736187	0.178736187	0.463760827
848	0.178736187	0.178736187	0.178736187	0.463760827
849	0.178736187	0.178736187	0.178736187	0.463760827
850	0.178736187	0.178736187	0.178736187	0.463760827
851	0.178736187	0.178736187	0.178736187	0.463760827
852	0.178736187	0.178736187	0.178736187	0.463760827
853	0.178736187	0.178736187	0.178736187	0.463760827
854	0.178736187	0.178736187	0.178736187	0.463760827
855	0.178736187	0.178736187	0.178736187	0.463760827
856	0.178736187	0.178736187	0.178736187	0.463760827
857	0.178736187	0.178736187	0.178736187	0.463760827
858	0.178736187	0.178736187	0.178736187	0.463760827
859	0.178736187	0.178736187	0.178736187	0.463760827
860	0.178736187	0.178736187	0.178736187	0.463760827
861	0.178736187	0.178736187	0.178736187	0.463760827
862	0.178736187	0.178736187	0.178736187	0.463760827
863	0.178736187	0.178736187	0.178736187	0.463760827
864	0.178736187	0.178736187	0.178736187	0.463760827
865	0.178736187	0.178736187	0.178736187	0.463760827
866	0.178736187	0.178736187	0.178736187	0.463760827
867	0.178736187	0.178736187	0.178736187	0.463760827
868	0.178736187	0.178736187	0.178736187	0.463760827
869	0.178736187	0.178736187	0.178736187	0.463760827
870	0.178736187	0.178736187	0.178736187	0.463760827
871	0.178736187	0.178736187	0.178736187	0.463760827
872	0.178736187	0.178736187	0.178736187	0.463760827
873	0.178736187	0.178736187	0.178736187	0.463760827
874	0.178736187	0.178736187	0.178736187	0.463760827
875	0.178736187	0.178736187	0.178736187	0.463760827
876	0.178736187	0.178736187	0.178736187	0.463760827
877	0.178736187	0.178736187	0.178736187	0.463760827
878	0.178736187	0.178736187	0.178736187	0.463760827
879	0.178736187	0.178736187	0.178736187	0.463760827
880	0.178736187	0.178736187	0.178736187	0.463760827
881	0.178736187	0.178736187	0.178736187	0.463760827
882	0.178736187	0.178736187	0.178736187	0.463760827
883	0.178736187	0.178736187	0.178736187	0.463760827
884	0.178736187	0.178736187	0.178736187	0.463760827
885	0.178736187	0.178736187	0.178736187	0.463760827
886	0.178736187	0.178736187	0.178736187	0.463760827
887	0.178736187	0.178736187	0.178736187	0.463760827
888	0.178736187	0.178736187	0.178736187	0.463760827
889	0.178736187	0.178736187	0.178736187	0.463760827
890	0.178736187	0.178736187	0.178736187	0.463760827
891	0.178736187	0.178736187	0.178736187	0.463760827
892	0.178736187	0.178736187	0.178736187	0.463760827
893	0.178736187	0.178736187	0.178736187	0.463760827
894	0.178736187	0.178736187	0.178736187	0.463760827
895	0.178736187	0.178736187	0.178736187	0.463760827
896	0.178736187	0.178736187	0.178736187	0.463760827
897	0.178736187	0.178736187	0.178736187	0.463760827
898	0.178736187	0.178736187	0.178736187	0.463760827
899	0.178736187	0.178736187	0.178736187	0.463760827
900	0.178736187	0.178736187	0.178736187	0.463760827
901	0.178736187	0.178736187	0.178736187	0.463760827
902	0.178736187	0.178736187	0.178736187	0.463760827
903	0.178736187	0.178736187	0.178736187	0.463760827
904	0.178736187	0.178736187	0.178736187	0.463760827
905	0.178736187	0.178736187	0.178736187	0.463760827
906	0.178736187	0.178736187	0.178736187	0.463760827
907	0.178736187	0.178736187	0.178736187	0.463760827
908	0.178736187	0.178736187	0.178736187	0.463760827
909	0.178736187	0.178736187	0.178736187	0.463760827
910	0.178736187	0.178736187	0.178736187	0.463760827
911	0.178736187	0.178736187	0.178736187	0.463760827
912	0.178736187	0.178736187	0.178736187	0.463760827
913	0.178736187	0.178736187	0.178736187	0.463760827
914	0.178736187	0.178736187	0.178736187	0.463760827
915	0.178736187	0.178736187	0.178736187	0.463760827
916	0.178736187	0.178736187	0.178736187	0.463760827
917	0.178736187	0.178736187	0.178736187	0.463760827
918	0.178736187	0.178736187	0.178736187	0.463760827
919	0.178736187	0.178736187	0.178736187	0.463760827
920	0.178736187	0.178736187	0.178736187	0.463760827
921	0.178736187	0.178736187	0.178736187	0.463760827
922	0.178736187	0.178736187	0.178736187	0.463760827
923	0.178736187	0.178736187	0.178736187	0.463760827
924	0.178736187	0.178736187	0.178736187	0.463760827
925	0.178736187	0.178736187	0.178736187	0.463760827
926	0.178736187	0.178736187	0.178736187	0.463760827
927	0.178736187	0.178736187	0.178736187	0.463760827
928	0.178736187	0.178736187	0.178736187	0.463760827
929	0.178736187	0.178736187	0.178736187	0.463760827
930	0.178736187	0.178736187	0.178736187	0.463760827
931	0.178736187	0.178736187	0.178736187	0.463760827
932	0.178736187	0.178736187	0.178736187	0.463760827
933	0.178736187	0.178736187	0.178736187	0.463760827
934	0.178736187	0.178736187	0.178736187	0.463760827
935	0.178736187	0.178736187	0.178736187	0.463760827
936	0.178736187	0.178736187	0.178736187	0.463760827
937	0.178736187	0.178736187	0.178736187	0.463760827
938	0.178736187	0.178736187	0.178736187	0.463760827
939	0.178736187	0.178736187	0.178736187	0.463760827
940	0.178736187	0.178736187	0.178736187	0.463760827
941	0.178736187	0.178736187	0.178736187	0.463760827
942	0.178736187	0.178736187	0.178736187	0.463760827
943	0.178736187	0.178736187	0.178736187	0.463760827
944	0.178736187	0.178736187	0.178736187	0.463760827
945	0.178736187	0.178736187	0.178736187	0.463760827
946	0.178736187	0.178736187	0.178736187	0.463760827
947	0.178736187	0.178736187	0.178736187	0.463760827
948	0.178736187	0.178736187	0.178736187	0.463760827
949	0.178736187	0.178736187	0.178736187	0.463760827
950	0.178736187	0.178736187	0.178736187	0.463760827
951	0.178736187	0.178736187	0.178736187	0.463760827
952	0.178736187	0.178736187	0.178736187	0.463760827
953	0.178736187	0.178736187	0.178736187	0.463760827
954	0.178736187	0.178736187	0.178736187	0.463760827
955	0.178736187	0.178736187	0.178736187	0.463760827
956	0.178736187	0.178736187	0.178736187	0.463760827
957	0.178736187	0.178736187	0.178736187	0.463760827
958	0.178736187	0.178736187	0.178736187	0.463760827
959	0.178736187	0.178736187	0.178736187	0.463760827
960	0.178736187	0.178736187	0.178736187	0.463760827
961	0.178736187	0.178736187	0.178736187	0.463760827
962	0.178736187	0.178736187	0.178736187	0.463760827
963	0.178736187	0.178736187	0.178736187	0.463760827
964	0.178736187	0.178736187	0.178736187	0.463760827
965	0.178736187	0.178736187	0.178736187	0.463760827
966	0.178736187	0.178736187	0.178736187	0.463760827
967	0.178736187	0.178736187	0.178736187	0.463760827
968	0.178736187	0.178736187	0.178736187	0.463760827
969	0.178736187	0.178736187	0.178736187	0.463760827
970	0.178736187	0.178736187	0.178736187	0.463760827
971	0.178736187	0.178736187	0.178736187	0.463760827
972	0.178736187	0.178736187	0.178736187	0.463760827
973	0.178736187	0.178736187	0.178736187	0.463760827
974	0.178736187	0.178736187	0.178736187	0.463760827
975	0.178736187	0.178736187	0.178736187	0.463760827
976	0.178736187	0.178736187	0.178736187	0.463760827
977	0.178736187	0.178736187	0.178736187	0.463760827
978	0.178736187	0.178736187	0.178736187	0.463760827
979	0.178736187	0.178736187	0.178736187	0.463760827
980	0.178736187	0.178736187	0.178736187	0.463760827
981	0.178736187	0.178736187	0.178736187	0.463760827
982	0.178736187	0.178736187	0.178736187	0.463760827
983	0.178736187	0.178736187	0.178736187	0.463760827
984	0.178736187	0.178736187	0.178736187	0.463760827
985	0.178736187	0.178736187	0.178736187	0.463760827
986	0.178736187	0.178736187	0.178736187	0.463760827
987	0.178736187	0.178736187	0.178736187	0.463760827
988	0.178736187	0.178736187	0.178736187	0.463760827
989	0.178736187	0.178736187	0.178736187	0.463760827
990	0.178736187	0.178736187	0.178736187	0.463760827
991	0.178736187	0.178736187	0.178736187	0.463760827
992	0.178736187	0.178736187	0.178736187	0.463760827
993	0.178736187	0.178736187	0.178736187	0.463760827
994	0.178736187	0.178736187	0.178736187	0.463760827
995	0.178736187	0.178736187	0.178736187	0.463760827
996	0.178736187	0.178736187	0.178736187	0.463760827
997	0.178736187	0.178736187	0.178736187	0.463760827
998	0.178736187	0.178736187	0.178736187	0.463760827
999	0.178736187	0.178736187	0.178736187	0.463760827
1000	0.178736187	0.178736187	0.178736187	0.463760827
1001	0.178736187	0.178736187	0.178736187	0.463760827
1002	0.178736187	0.178736187	0.178736187	0.463760827
1003	0.178736187	0.178736187	0.178736187	0.463760827
1004	0.178736187	0.178736187	0.178736187	0.463760827
1005	0.178736187	0.178736187	0.178736187	0.463760827
1006	0.178736187	0.178736187	0.178736187	0.463760827
1007	0.178736187	0.178736187	0.178736187	0.463760827
1008	0.178736187	0.178736187	0.178736187	0.463760827
1009	0.178736187	0.178736187	0.178736187	0.463760827
1010	0.178736187	0.178736187	0.178736187	0.463760827
1011	0.178736187	0.178736187	0.178736187	0.463760827
1012	0.178736187	0.178736187	0.178736187	0.463760827
1013	0.178736187	0.178736187	0.178736187	0.463760827
1014	0.178736187	0.178736187	0.178736187	0.463760827
1015	0.178736187	0.178736187	0.178736187	0.463760827
1016	0.178736187	0.178736187	0.178736187	0.463760827
1017	0.178736187	0.178736187	0.178736187	0.463760827
1018	0.178736187	0.178736187	0.178736187	0.463760827
1019	0.178736187	0.178736187	0.178736187	0.463760827
1020	0.178736187	0.178736187	0.178736187	0.463760827
1021	0.178736187	0.178736187	0.178736187	0.463760827
1022	0.178736187	0.178736187	0.178736187	0.463760827
1023	0.178736187	0.178736187	0.178736187	0.463760827
1024	0.178736187	0.178736187	0.178736187	0.463760827
1025	0.178736187	0.178736187	0.178736187	0.463760827
1026	0.178736187	0.178736187	0.178736187	0.463760827
1027	0.178736187	0.178736187	0.178736187	0.463760827
1028	0.178736187	0.178736187	0.178736187	0.463760827
1029	0.178736187	0.178736187	0.178736187	0.463760827
1030	0.178736187	0.178736187	0.178736187	0.463760827
1031	0.178736187	0.178736187	0.178736187	0.463760827
1032	0.178736187	0.178736187	0.178736187	0.463760827
1033	0.178736187	0.178736187	0.178736187	0.463760827
1034	0.178736187	0.178736187	0.178736187	0.463760827
1035	0.178736187	0.178736187	0.178736187	0.463760827
1036	0.178736187	0.178736187	0.178736187	0.463760827
1037	0.178736187	0.178736187	0.178736187	0.463760827
1038	0.178736187	0.178736187	0.178736187	0.463760827
1039	0.178736187	0.178736187	0.178736187	0.463760827
1040	0.178736187	0.178736187	0.178736187	0.463760827
1041	0.178736187	0.178736187	0.178736187	0.463760827
1042	0.178736187	0.178736187	0.178736187	0.463760827
1043	0.178736187	0.178736187	0.178736187	0.463760827
1044	0.178736187	0.178736187	0.178736187	0.463760827
1045	0.178736187	0.178736187	0.178736187	0.463760827
1046	0.178736187	0.178736187	0.178736187	0.463760827
1047	0.178736187	0.178736187	0.178736187	0.463760827
1048	0.178736187	0.178736187	0.178736187	0.463760827
1049	0.178736187	0.178736187	0.178736187	0.463760827
1050	0.178736187	0.178736187	0.178736187	0.463760827
1051	0.178736187	0.178736187	0.178736187	0.463760827
1052	0.178736187	0.178736187	0.178736187	0.463760827
1053	0.178736187	0.178736187	0.178736187	0.463760827
1054	0.178736187	0.178736187	0.178736187	0.463760827
1055	0.178736187	0.178736187	0.178736187	0.463760827
1056	0.178736187	0.178736187	0.178736187	0.463760827
1057	0.178736187	0.178736187	0.178736187	0.463760827
1058	0.178736187	0.178736187	0.178736187	0.463760827
1059	0.178736187	0.178736187	0.178736187	0.463760827
1060	0.178736187	0.178736187	0.178736187	0.463760827
1061	0.178736187	0.178736187	0.178736187	0.463760827
1062	0.178736187	0.178736187	0.178736187	0.463760827
1063	0.178736187	0.178736187	0.178736187	0.463760827
1064	0.178736187	0.178736187	0.178736187	0.463760827
1065	0.178736187	0.178736187	0.178736187	0.463760827
1066	0.178736187	0.178736187	0.178736187	0.463760827
1067	0.178736187	0.178736187	0.178736187	0.463760827
1068	0.178736187	0.178736187	0.178736187	0.463760827
1069	0.178736187	0.178736187	0.178736187	0.463760827
1070	0.178736187	0.178736187	0.178736187	0.463760827
1071	0.178736187	0.178736187	0.178736187	0.463760827
1072	0.178736187	0.178736187	0.178736187	0.463760827
1073	0.178736187	0.178736187	0.178736187	0.463760827
1074	0.178736187	0.178736187	0.178736187	0.463760827
1075	0.178736187	0.178736187	0.178736187	0.463760827
1076	0.178736187	0.178736187	0.178736187	0.463760827
1077	0.178736187	0.178736187	0.178736187	0.463760827
1078	0.178736187	0.178736187	0.178736187	0.463760827
1079	0.178736187	0.178736187	0.178736187	0.463760827
1080	0.178736187	0.178736187	0.178736187	0.463760827
1081	0.178736187	0.178736187	0.178736187	0.463760827
1082	0.178736187	0.178736187	0.178736187	0.463760827
1083	0.178736187	0.178736187	0.178736187	0.463760827
1084	0.178736187	0.178736187	0.178736187	0.463760827
1085	0.178736187	0.178736187	0.178736187	0.463760827
1086	0.178736187	0.178736187	0.178736187	0.463760827
1087	0.178736187	0.178736187	0.178736187	0.463760827
1088	0.178736187	0.178736187	0.178736187	0.463760827
1089	0.178736187	0.178736187	0.178736187	0.463760827
1090	0.178736187	0.178736187	0.178736187	0.463760827
1091	0.178736187	0.178736187	0.178736187	0.463760827
1092	0.178736187	0.178736187	0.178736187	0.463760827
1093	0.178736187	0.178736187	0.178736187	0.463760827
1094	0.178736187	0.178736187	0.178736187	0.463760827
1095	0.178736187	0.178736187	0.178736187	0.463760827
1096	0.178736187	0.178736187	0.178736187	0.463760827
1097	0.178736187	0.178736187	0.178736187	0.463760827
1098	0.178736187	0.178736187	0.178736187	0.463760827
1099	0.178736187	0.178736187	0.178736187	0.463760827
1100	0.178736187	0.178736187	0.178736187	0.463760827
1101	0.178736187	0.178736187	0.178736187	0.463760827
1102	0.178736187	0.178736187	0.178736187	0.463760827
1103	0.178736187	0.178736187	0.178736187	0.463760827
1104	0.178736187	0.178736187	0.178736187	0.463760827
1105	0.178736187	0.178736187	0.178736187	0.463760827
1106	0.178736187	0.178736187	0.178736187	0.463760827
1107	0.178736187	0.178736187	0.178736187	0.463760827
1108	0.178736187	0.178736187	0.178736187	0.463760827
1109	0.178736187	0.178736187	0.178736187	0.463760827
1110	0.178736187	0.178736187	0.178736187	0.463760827
1111	0.178736187	0.178736187	0.178736187	0.463760827
1112	0.178736187	0.178736187	0.178736187	0.463760827
1113	0.178736187	0.178736187	0.178736187	0.463760827
1114	0.178736187	0.178736187	0.178736187	0.463760827
1115	0.178736187	0.178736187	0.178736187	0.463760827
1116	0.178736187	0.178736187	0.178736187	0.463760827
1117	0.178736187	0.178736187	0.178736187	0.463760827
1118	0.178736187	0.178736187	0.178736187	0.463760827
1119	0.178736187	0.178736187	0.178736187	0.463760827
1120	0.178736187	0.178736187	0.178736187	0.463760827
1121	0.178736187	0.178736187	0.178736187	0.463760827
1122	0.178736187	0.178736187	0.178736187	0.463760827
1123	0.178736187	0.178736187	0.178736187	0.463760827
1124	0.178736187	0.178736187	0.178736187	0.463760827
1125	0.178736187	0.178736187	0.178736187	0.463760827
1126	0.178736187	0.178736187	0.178736187	0.463760827
1127	0.178736187	0.178736187	0.178736187	0.463760827
1128	0.178736187	0.178736187	0.178736187	0.463760827
1129	0.178736187	0.178736187	0.178736187	0.463760827
1130	0.178736187	0.178736187	0.178736187	0.463760827
1131	0.178736187	0.178736187	0.178736187	0.463760827
1132	0.178736187	0.178736187	0.178736187	0.463760827
1133	0.178736187	0.178736187	0.178736187	0.463760827
1134	0.178736187	0.178736187	0.178736187	0.463760827
1135	0.178736187	0.178736187	0.178736187	0.463760827
1136	0.178736187	0.178736187	0.178736187	0.463760827
1137	0.178736187	0.178736187	0.178736187	0.463760827
1138	0.178736187	0.178736187	0.178736187	0.463760827
1139	0.178736187	0.178736187	0.178736187	0.463760827
1140	0.178736187	0.178736187	0.178736187	0.463760827
1141	0.178736187	0.178736187	0.178736187	0.463760827
1142	0.178736187	0.178736187	0.178736187	0.463760827
1143	0.178736187	0.178736187	0.178736187	0.463760827
1144	0.178736187	0.178736187	0.178736187	0.463760827
1145	0.178736187	0.178736187	0.178736187	0.463760827
1146	0.178736187	0.178736187	0.178736187	0.463760827
1147	0.178736187	0.178736187	0.178736187	0.463760827
1148	0.178736187	0.178736187	0.178736187	0.463760827
1149	0.178736187	0.178736187	0.178736187	0.463760827
1150	0.178736187	0.178736187	0.178736187	0.463760827
1151	0.178736187	0.178736187	0.178736187	0.463760827
1152	0.178736187	0.178736187	0.178736187	0.463760827
1153	0.178736187	0.178736187	0.178736187	0.463760827
1154	0.178736187	0.178736187	0.178736187	0.463760827
1155	0.178736187	0.178736187	0.178736187	0.463760827
1156	0.178736187	0.178736187	0.178736187	0.463760827
1157	0.178736187	0.178736187	0.178736187	0.463760827
1158	0.178736187	0.178736187	0.178736187	0.463760827
1159	0.178736187	0.178736187	0.178736187	0.463760827
1160	0.178736187	0.178736187	0.178736187	0.463760827
1161	0.178736187	0.178736187	0.178736187	0.463760827
1162	0.178736187	0.178736187	0.178736187	0.463760827
1163	0.178736187	0.178736187	0.178736187	0.463760827
1164	0.178736187	0.178736187	0.178736187	0.463760827
1165	0.178736187	0.178736187	0.178736187	0.463760827
1166	0.178736187	0.178736187	0.178736187	0.463760827
1167	0.178736187	0.178736187	0.178736187	0.463760827
1168	0.178736187	0.178736187	0.178736187	0.463760827
1169	0.178736187	0.178736187	0.178736187	0.463760827
1170	0.178736187	0.178736187	0.178736187	0.463760827
1171	0.178736187	0.178736187	0.178736187	0.463760827
1172	0.178736187	0.178736187	0.178736187	0.463760827
1173	0.178736187	0.178736187	0.178736187	0.463760827
1174	0.178736187	0.178736187	0.178736187	0.463760827
1175	0.178736187	0.178736187	0.178736187	0.463760827
1176	0.178736187	0.178736187	0.178736187	0.463760827
1177	0.178736187	0.178736187	0.178736187	0.463760827
1178	0.178736187	0.178736187	0.178736187	0.463760827
1179	0.178736187	0.178736187	0.178736187	0.463760827
1180	0.178736187	0.178736187	0.178736187	0.463760827
1181	0.178736187	0.178736187	0.178736187	0.463760827
1182	0.178736187	0.178736187	0.178736187	0.463760827
1183	0.178736187	0.178736187	0.178736187	0.463760827
1184	0.178736187	0.178736187	0.178736187	0.463760827
1185	0.178736187	0.178736187	0.178736187	0.463760827
1186	0.178736187	0.178736187	0.178736187	0.463760827
1187	0.178736187	0.178736187	0.178736187	0.463760827
1188	0.178736187	0.178736187	0.178736187	0.463760827
1189	0.178736187	0.178736187	0.178736187	0.463760827
1190	0.178736187	0.178736187	0.178736187	0.463760827
1191	0.178736187	0.178736187	0.178736187	0.463760827
1192	0.178736187	0.178736187	0.178736187	0.463760827
1193	0.178736187	0.178736187	0.178736187	0.463760827
1194	0.178736187	0.178736187	0.178736187	0.463760827
1195	0.178736187	0.178736187	0.178736187	0.463760827
1196	0.178736187	0.178736187	0.178736187	0.463760827
1197	0.178736187	0.178736187	0.178736187	0.463760827
1198	0.178736187	0.178736187	0.178736187	0.463760827
1199	0.178736187	0.178736187	0.178736187	0.463760827
1200	0.178736187	0.178736187	0.178736187	0.463760827
1201	0.178736187	0.178736187	0.178736187	0.463760827
1202	0.178736187	0.178736187	0.178736187	0.463760827
1203	0.178736187	0.178736187	0.178736187	0.463760827
1204	0.178736187	0.178736187	0.178736187	0.463760827
1205	0.178736187	0.178736187	0.178736187	0.463760827
1206	0.178736187	0.178736187	0.178736187	0.463760827
1207	0.178736187	0.178736187	0.178736187	0.463760827
1208	0.178736187	0.178736187	0.178736187	0.463760827
1209	0.178736187	0.178736187	0.178736187	0.463760827
1210	0.178736187	0.178736187	0.178736187	0.463760827
1211	0.178736187	0.178736187	0.178736187	0.463760827
1212	0.178736187	0.178736187	0.178736187	0.463760827
1213	0.178736187	0.178736187	0.178736187	0.463760827
1214	0.178736187	0.178736187	0.178736187	0.463760827
1215	0.178736187	0.178736187	0.178736187	0.463760827
1216	0.178736187	0.178736187	0.178736187	0.463760827
1217	0.178736187	0.178736187	0.178736187	0.463760827
1218	0.178736187	0.178736187	0.178736187	0.463760827
1219	0.178736187	0.178736187	0.178736187	0.463760827
1220	0.178736187	0.178736187	0.178736187	0.463760827
1221	0.178736187	0.178736187	0.178736187	0.463760827
1222	0.178736187	0.178736187	0.178736187	0.463760827
1223	0.178736187	0.178736187	0.178736187	0.463760827
1224	0.178736187	0.178736187	0.178736187	0.463760827
1225	0.178736187	0.178736187	0.178736187	0.463760827
1226	0.178736187	0.178736187	0.178736187	0.463760827
1227	0.178736187	0.178736187	0.178736187	0.463760827
1228	0.178736187	0.178736187	0.178736187	0.463760827
1229	0.178736187	0.178736187	0.178736187	0.463760827
1230	0.178736187	0.178736187	0.178736187	0.463760827
1231	0.178736187	0.178736187	0.178736187	0.463760827
1232	0.178736187	0.178736187	0.178736187	0.463760827
1233	0.178736187	0.178736187	0.178736187	0.463760827
1234	0.178736187	0.178736187	0.178736187	0.463760827
1235	0.178736187	0.178736187	0.178736187	0.463760827
1236	0.178736187	0.178736187	0.178736187	0.463760827
1237	0.178736187	0.178736187	0.178736187	0.463760827
1238	0.178736187	0.178736187	0.178736187	0.463760827
1239	0.178736187	0.178736187	0.178736187	0.463760827
1240	0.178736187	0.178736187	0.178736187	0.463760827
1241	0.178736187	0.178736187	0.178736187	0.463760827
1242	0.178736187	0.178736187	0.178736187	0.463760827
1243	0.178736187	0.178736187	0.178736187	0.463760827
1244	0.178736187	0.178736187	0.178736187	0.463760827
1245	0.178736187	0.178736187	0.178736187	0.463760827
1246	0.178736187	0.178736187	0.178736187	0.463760827
1247	0.178736187	0.178736187	0.178736187	0.463760827
1248	0.178736187	0.178736187	0.178736187	0.463760827
1249	0.178736187	0.178736187	0.178736187	0.463760827
1250	0.178736187	0.178736187	0.178736187	0.463760827
1251	0.178736187	0.178736187	0.178736187	0.463760827
1252	0.178736187	0.178736187	0.178736187	0.463760827
1253	0.178736187	0.178736187	0.178736187	0.463760827
1254	0.178736187	0.178736187	0.178736187	0.463760827
1255	0.178736187	0.178736187	0.178736187	0.463760827
1256	0.178736187	0.178736187	0.178736187	0.463760827
1257	0.178736187	0.178736187	0.178736187	0.463760827
1258	0.178736187	0.178736187	0.178736187	0.463760827
1259	0.178736187	0.178736187	0.178736187	0.463760827
1260	0.178736187	0.178736187	0.178736187	0.463760827
1261	0.178736187	0.178736187	0.178736187	0.463760827
1262	0.178736187	0.178736187	0.178736187	0.463760827
1263	0.178736187	0.178736187	0.178736187	0.463760827
1264	0.178736187	0.178736187	0.178736187	0.463760827
1265	0.178736187	0.178736187	0.178736187	0.463760827
1266	0.178736187	0.178736187	0.178736187	0.463760827
1267	0.178736187	0.178736187	0.178736187	0.463760827
1268	0.178736187	0.178736187	0.178736187	0.463760827
1269	0.178736187	0.178736187	0.178736187	0.463760827
1270	0.178736187	0.178736187	0.178736187	0.463760827
1271	0.178736187	0.178736187	0.178736187	0.463760827
1272	0.178736187	0.178736187	0.178736187	0.463760827
1273	0.178736187	0.178736187	0.178736187	0.463760827
1274	0.178736187	0.178736187	0.178736187	0.463760827
1275	0.178736187	0.178736187	0.178736187	0.463760827
1276	0.178736187	0.178736187	0.178736187	0.463760827
1277	0.178736187	0.178736187	0.178736187	0.463760827
1278	0.178736187	0.178736187	0.178736187	0.463760827
1279	0.178736187	0.178736187	0.178736187	0.463760827
1280	0.178736187	0.178736187	0.178736187	0.463760827
1281	0.178736187	0.178736187	0.178736187	0.463760827
1282	0.178736187	0.178736187	0.178736187	0.463760827
1283	0.178736187	0.178736187	0.178736187	0.463760827
1284	0.178736187	0.178736187	0.178736187	0.463760827
1285	0.178736187	0.178736187	0.178736187	0.463760827
1286	0.178736187	0.178736187	0.178736187	0.463760827
1287	0.178736187	0.178736187	0.178736187	0.463760827
1288	0.178736187	0.178736187	0.178736187	0.463760827
1289	0.178736187	0.178736187	0.178736187	0.463760827
1290	0.178736187	0.178736187	0.178736187	0.463760827
1291	0.178736187	0.178736187	0.178736187	0.463760827
1292	0.178736187	0.178736187	0.178736187	0.463760827
1293	0.178736187	0.178736187	0.178736187	0.463760827
1294	0.178736187	0.178736187	0.178736187	0.463760827
1295	0.178736187	0.178736187	0.178736187	0.463760827
1296	0.178736187	0.178736187	0.178736187	0.463760827
1297	0.178736187	0.178736187	0.178736187	0.463760827
1298	0.178736187	0.178736187	0.178736187	0.463760827
1299	0.178736187	0.178736187	0.178736187	0.463760827
1300	0.178736187	0.178736187	0.178736187	0.463760827
